0.046077	0.021667	0.010724	0.022156	0.016502	0.022282	0.013549	0.009649	0.022434	-0.002959	0.001817	-0.003257	-0.003312	-0.002947	-0.003108	-0.003219	-0.003014	-0.003279	-0.003405	-0.003148	-0.003079	-0.003291	-0.003280	-0.003177	-0.003301	-0.003311	-0.003292	-0.003245	-0.003210	-0.003297	-0.003218	-0.003271	-0.003226	-0.003136	-0.003362	-0.003278	-0.003098	0.002115	-0.003243	-0.003361	-0.003307	-0.003277	-0.003185	-0.003110	-0.003313	-0.003279	-0.003410	-0.003333	-0.003233	0.002094	0.002376	-0.002310	-0.002262	-0.001694	-0.001660	0.000933	-0.001340	-0.001803	-0.002164	-0.002136	-0.001972	-0.002544	-0.001991	0.000941	0.001161	-0.002267	-0.002231	-0.002302	-0.002133	-0.001505	-0.002002	-0.001873	-0.002129	-0.001730	-0.002067	-0.002228	-0.001806	0.001226	-0.001958	-0.001555	-0.002239	0.001178	-0.001003	0.000660	-0.001861	0.001032	
0.021667	0.046374	0.010651	0.021793	0.016275	0.022059	0.013449	0.009455	0.021956	-0.002942	0.001815	-0.003234	-0.003286	-0.002913	-0.003083	-0.003180	-0.003004	-0.003250	-0.003362	-0.003104	-0.003042	-0.003249	-0.003237	-0.003135	-0.003265	-0.003274	-0.003252	-0.003225	-0.003168	-0.003270	-0.003199	-0.003235	-0.003191	-0.003101	-0.003323	-0.003248	-0.003067	0.002102	-0.003199	-0.003334	-0.003282	-0.003237	-0.003141	-0.003089	-0.003292	-0.003256	-0.003367	-0.003285	-0.003207	0.002105	0.002379	-0.002282	-0.002264	-0.001694	-0.001660	0.000904	-0.001322	-0.001779	-0.002140	-0.002120	-0.001959	-0.002519	-0.001989	0.000924	0.001156	-0.002263	-0.002225	-0.002279	-0.002123	-0.001487	-0.002010	-0.001873	-0.002115	-0.001710	-0.002035	-0.002206	-0.001787	0.001234	-0.001928	-0.001543	-0.002245	0.001138	-0.001003	0.000676	-0.001842	0.001010	
0.010724	0.010651	0.016285	0.010716	0.008300	0.010791	0.007025	0.004729	0.010839	-0.001507	0.000938	-0.001665	-0.001685	-0.001509	-0.001575	-0.001631	-0.001561	-0.001662	-0.001702	-0.001594	-0.001547	-0.001630	-0.001653	-0.001613	-0.001665	-0.001647	-0.001647	-0.001670	-0.001580	-0.001675	-0.001638	-0.001672	-0.001653	-0.001601	-0.001689	-0.001661	-0.001555	0.001114	-0.001644	-0.001703	-0.001684	-0.001646	-0.001632	-0.001596	-0.001657	-0.001635	-0.001721	-0.001673	-0.001646	0.001068	0.001249	-0.001172	-0.001154	-0.000898	-0.000912	0.000527	-0.000695	-0.000917	-0.001099	-0.001091	-0.001005	-0.001289	-0.001044	0.000525	0.000587	-0.001149	-0.001139	-0.001158	-0.001092	-0.000730	-0.001028	-0.000980	-0.001083	-0.000877	-0.001017	-0.001137	-0.000907	0.000657	-0.001027	-0.000816	-0.001145	0.000657	-0.000531	0.000373	-0.000958	0.000563	
0.022156	0.021793	0.010716	0.046916	0.016761	0.022276	0.013712	0.009828	0.022591	-0.002961	0.001734	-0.003279	-0.003326	-0.002956	-0.003122	-0.003237	-0.003048	-0.003302	-0.003413	-0.003148	-0.003088	-0.003302	-0.003293	-0.003188	-0.003328	-0.003319	-0.003303	-0.003260	-0.003227	-0.003310	-0.003222	-0.003268	-0.003245	-0.003148	-0.003357	-0.003295	-0.003106	0.002045	-0.003258	-0.003369	-0.003328	-0.003289	-0.003207	-0.003121	-0.003330	-0.003303	-0.003431	-0.003331	-0.003250	0.001998	0.002388	-0.002315	-0.002278	-0.001694	-0.001670	0.000859	-0.001367	-0.001804	-0.002173	-0.002148	-0.001991	-0.002539	-0.002008	0.000902	0.001121	-0.002281	-0.002236	-0.002298	-0.002151	-0.001504	-0.002012	-0.001874	-0.002129	-0.001730	-0.002080	-0.002238	-0.001797	0.001186	-0.001946	-0.001572	-0.002250	0.001110	-0.001005	0.000604	-0.001873	0.000991	
0.016502	0.016275	0.008300	0.016761	0.029087	0.016703	0.010488	0.007398	0.016796	-0.002267	0.001402	-0.002505	-0.002536	-0.002253	-0.002370	-0.002473	-0.002310	-0.002518	-0.002605	-0.002429	-0.002331	-0.002490	-0.002518	-0.002431	-0.002526	-0.002508	-0.002520	-0.002493	-0.002412	-0.002529	-0.002456	-0.002492	-0.002477	-0.002379	-0.002561	-0.002505	-0.002363	0.001600	-0.002480	-0.002576	-0.002545	-0.002485	-0.002457	-0.002361	-0.002538	-0.002493	-0.002590	-0.002543	-0.002495	0.001593	0.001826	-0.001764	-0.001744	-0.001287	-0.001305	0.000756	-0.001037	-0.001369	-0.001658	-0.001618	-0.001531	-0.001933	-0.001529	0.000720	0.000918	-0.001732	-0.001705	-0.001738	-0.001636	-0.001141	-0.001518	-0.001438	-0.001623	-0.001336	-0.001570	-0.001715	-0.001357	0.000943	-0.001480	-0.001192	-0.001715	0.000908	-0.000777	0.000474	-0.001442	0.000801	
0.022282	0.022059	0.010791	0.022276	0.016703	0.047527	0.013712	0.009710	0.022644	-0.002999	0.001776	-0.003281	-0.003335	-0.002967	-0.003140	-0.003249	-0.003055	-0.003312	-0.003438	-0.003161	-0.003119	-0.003317	-0.003303	-0.003207	-0.003346	-0.003336	-0.003311	-0.003264	-0.003256	-0.003333	-0.003223	-0.003301	-0.003257	-0.003170	-0.003398	-0.003302	-0.003132	0.002051	-0.003272	-0.003398	-0.003341	-0.003305	-0.003207	-0.003154	-0.003358	-0.003311	-0.003449	-0.003361	-0.003257	0.002048	0.002336	-0.002316	-0.002266	-0.001708	-0.001669	0.000899	-0.001350	-0.001805	-0.002175	-0.002143	-0.001981	-0.002551	-0.002012	0.000921	0.001145	-0.002282	-0.002258	-0.002322	-0.002154	-0.001516	-0.002019	-0.001888	-0.002141	-0.001727	-0.002091	-0.002260	-0.001818	0.001177	-0.001966	-0.001571	-0.002270	0.001124	-0.001009	0.000631	-0.001856	0.001004	
0.013549	0.013449	0.007025	0.013712	0.010488	0.013712	0.022890	0.006021	0.013817	-0.001886	0.001208	-0.002085	-0.002117	-0.001890	-0.002011	-0.002067	-0.001981	-0.002108	-0.002197	-0.002010	-0.002014	-0.002113	-0.002104	-0.002062	-0.002113	-0.002090	-0.002102	-0.002083	-0.002106	-0.002110	-0.002049	-0.002091	-0.002084	-0.002046	-0.002170	-0.002097	-0.001970	0.001441	-0.002088	-0.002162	-0.002110	-0.002088	-0.002038	-0.002019	-0.002125	-0.002077	-0.002188	-0.002145	-0.002067	0.001412	0.001653	-0.001461	-0.001421	-0.001088	-0.001082	0.000637	-0.000820	-0.001116	-0.001384	-0.001378	-0.001288	-0.001609	-0.001344	0.000628	0.000812	-0.001482	-0.001436	-0.001439	-0.001379	-0.000951	-0.001262	-0.001223	-0.001367	-0.001148	-0.001285	-0.001420	-0.001129	0.000909	-0.001255	-0.000980	-0.001434	0.000850	-0.000651	0.000439	-0.001206	0.000697	
0.009649	0.009455	0.004729	0.009828	0.007398	0.009710	0.006021	0.011873	0.009873	-0.001142	-0.000174	-0.001290	-0.001320	-0.001165	-0.001148	-0.001254	-0.001288	-0.001309	-0.001278	-0.001323	-0.001287	-0.001246	-0.001269	-0.001237	-0.001310	-0.001262	-0.001361	-0.001254	-0.001232	-0.001295	-0.001345	-0.001275	-0.001246	-0.001320	-0.001290	-0.001271	-0.001190	-0.000278	-0.001266	-0.001325	-0.001290	-0.001299	-0.001222	-0.001170	-0.001372	-0.001371	-0.001331	-0.001369	-0.001253	-0.000313	0.000442	-0.000967	-0.000946	-0.000693	-0.000683	-0.000183	-0.000542	-0.000737	-0.000883	-0.000857	-0.000820	-0.001062	-0.000764	-0.000207	-0.000308	-0.000892	-0.000947	-0.000945	-0.000900	-0.000601	-0.000831	-0.000747	-0.000881	-0.000662	-0.000848	-0.000899	-0.000700	-0.000290	-0.000762	-0.000625	-0.000870	-0.000266	-0.000405	-0.000147	-0.000738	-0.000196	
0.022434	0.021956	0.010839	0.022591	0.016796	0.022644	0.013817	0.009873	0.047983	-0.003027	0.001877	-0.003323	-0.003378	-0.003009	-0.003177	-0.003280	-0.003082	-0.003345	-0.003471	-0.003204	-0.003123	-0.003331	-0.003333	-0.003242	-0.003373	-0.003361	-0.003345	-0.003310	-0.003234	-0.003345	-0.003293	-0.003330	-0.003289	-0.003192	-0.003413	-0.003344	-0.003143	0.002179	-0.003306	-0.003417	-0.003364	-0.003342	-0.003256	-0.003173	-0.003391	-0.003358	-0.003480	-0.003379	-0.003292	0.002168	0.002424	-0.002332	-0.002311	-0.001720	-0.001695	0.000960	-0.001366	-0.001836	-0.002193	-0.002174	-0.002025	-0.002584	-0.002041	0.000995	0.001224	-0.002299	-0.002276	-0.002347	-0.002182	-0.001541	-0.002059	-0.001923	-0.002164	-0.001761	-0.002103	-0.002286	-0.001839	0.001269	-0.001982	-0.001598	-0.002296	0.001203	-0.001013	0.000637	-0.001903	0.001026	
-0.002959	-0.002942	-0.001507	-0.002961	-0.002267	-0.002999	-0.001886	-0.001142	-0.003027	0.002041	-0.001753	0.000701	0.000635	0.000666	0.000661	0.000670	0.000535	0.000704	0.000724	0.000589	0.000599	0.000619	0.000719	0.000714	0.000640	0.000705	0.000608	0.000674	0.000550	0.000695	0.000623	0.000736	0.000707	0.000563	0.000718	0.000705	0.000655	-0.002048	0.000643	0.000712	0.000682	0.000716	0.000637	0.000640	0.000618	0.000631	0.000725	0.000636	0.000685	-0.002123	-0.001150	0.000452	0.000465	0.000345	0.000306	-0.000952	0.000283	0.000362	0.000436	0.000419	0.000369	0.000470	0.000441	-0.000958	-0.001350	0.000417	0.000399	0.000480	0.000407	0.000291	0.000371	0.000405	0.000415	0.000369	0.000451	0.000454	0.000382	-0.001328	0.000410	0.000309	0.000483	-0.001241	0.000203	-0.000695	0.000365	-0.001131	
0.001817	0.001815	0.000938	0.001734	0.001402	0.001776	0.001208	-0.000174	0.001877	-0.001753	0.026008	-0.001884	-0.001825	-0.001746	-0.001711	-0.001771	-0.001559	-0.001984	-0.001845	-0.001798	-0.001625	-0.001805	-0.001886	-0.001793	-0.001871	-0.001872	-0.001860	-0.001892	-0.001568	-0.001911	-0.001820	-0.001886	-0.001846	-0.001664	-0.001915	-0.001897	-0.001768	0.011933	-0.001819	-0.001878	-0.001865	-0.001808	-0.001711	-0.001657	-0.001873	-0.001817	-0.001909	-0.001856	-0.001884	0.014398	0.004925	-0.001362	-0.001351	-0.001051	-0.000935	0.006646	-0.000790	-0.001098	-0.001318	-0.001257	-0.001248	-0.001377	-0.001208	0.005473	0.007590	-0.001290	-0.001347	-0.001334	-0.001230	-0.000865	-0.001183	-0.001181	-0.001228	-0.001118	-0.001215	-0.001331	-0.001208	0.007554	-0.001172	-0.000978	-0.001290	0.007370	-0.000611	0.004026	-0.001194	0.006291	
-0.003257	-0.003234	-0.001665	-0.003279	-0.002505	-0.003281	-0.002085	-0.001290	-0.003323	0.000701	-0.001884	0.002200	0.000737	0.000697	0.000699	0.000773	0.000635	0.000788	0.000801	0.000675	0.000645	0.000673	0.000770	0.000742	0.000682	0.000747	0.000707	0.000779	0.000660	0.000825	0.000698	0.000794	0.000785	0.000668	0.000773	0.000801	0.000745	-0.002157	0.000752	0.000773	0.000827	0.000774	0.000742	0.000684	0.000696	0.000652	0.000837	0.000691	0.000803	-0.002233	-0.001292	0.000466	0.000471	0.000336	0.000382	-0.001064	0.000279	0.000382	0.000445	0.000431	0.000357	0.000473	0.000518	-0.001070	-0.001433	0.000468	0.000448	0.000475	0.000413	0.000286	0.000403	0.000410	0.000455	0.000414	0.000419	0.000483	0.000397	-0.001453	0.000505	0.000344	0.000525	-0.001392	0.000208	-0.000779	0.000376	-0.001223	
-0.003312	-0.003286	-0.001685	-0.003326	-0.002536	-0.003335	-0.002117	-0.001320	-0.003378	0.000635	-0.001825	0.000737	0.002254	0.000613	0.000715	0.000721	0.000792	0.000658	0.000727	0.000781	0.000715	0.000833	0.000733	0.000706	0.000857	0.000750	0.000755	0.000738	0.000785	0.000690	0.000870	0.000662	0.000765	0.000812	0.000731	0.000730	0.000637	-0.002136	0.000780	0.000729	0.000735	0.000711	0.000686	0.000701	0.000894	0.000680	0.000761	0.000821	0.000702	-0.002162	-0.001209	0.000483	0.000471	0.000337	0.000392	-0.001050	0.000283	0.000390	0.000456	0.000441	0.000400	0.000495	0.000462	-0.001038	-0.001419	0.000464	0.000409	0.000477	0.000421	0.000309	0.000406	0.000418	0.000447	0.000367	0.000427	0.000480	0.000413	-0.001437	0.000411	0.000343	0.000490	-0.001388	0.000220	-0.000772	0.000374	-0.001232	
-0.002947	-0.002913	-0.001509	-0.002956	-0.002253	-0.002967	-0.001890	-0.001165	-0.003009	0.000666	-0.001746	0.000697	0.000613	0.002043	0.000723	0.000675	0.000552	0.000691	0.000730	0.000635	0.000575	0.000642	0.000689	0.000694	0.000648	0.000706	0.000633	0.000743	0.000611	0.000694	0.000679	0.000755	0.000655	0.000590	0.000704	0.000709	0.000666	-0.001951	0.000725	0.000708	0.000725	0.000685	0.000731	0.000633	0.000630	0.000575	0.000731	0.000687	0.000678	-0.002069	-0.001075	0.000403	0.000452	0.000312	0.000279	-0.000968	0.000261	0.000336	0.000402	0.000393	0.000336	0.000436	0.000434	-0.000987	-0.001343	0.000385	0.000368	0.000417	0.000378	0.000269	0.000350	0.000374	0.000381	0.000447	0.000379	0.000426	0.000361	-0.001322	0.000434	0.000295	0.000466	-0.001295	0.000172	-0.000722	0.000351	-0.001115	
-0.003108	-0.003083	-0.001575	-0.003122	-0.002370	-0.003140	-0.002011	-0.001148	-0.003177	0.000661	-0.001711	0.000699	0.000715	0.000723	0.002541	0.000675	0.000583	0.000666	0.000786	0.000680	0.000640	0.000739	0.000705	0.000762	0.000675	0.000781	0.000644	0.000767	0.000611	0.000699	0.000695	0.000732	0.000760	0.000621	0.000773	0.000715	0.000660	-0.002038	0.000749	0.000739	0.000760	0.000709	0.000751	0.000729	0.000739	0.000593	0.000771	0.000736	0.000691	-0.002121	-0.001185	0.000408	0.000429	0.000305	0.000314	-0.001013	0.000257	0.000339	0.000405	0.000404	0.000362	0.000485	0.000416	-0.001044	-0.001412	0.000438	0.000375	0.000426	0.000388	0.000269	0.000368	0.000393	0.000401	0.000401	0.000394	0.000452	0.000364	-0.001401	0.000406	0.000302	0.000542	-0.001352	0.000184	-0.000760	0.000339	-0.001200	
-0.003219	-0.003180	-0.001631	-0.003237	-0.002473	-0.003249	-0.002067	-0.001254	-0.003280	0.000670	-0.001771	0.000773	0.000721	0.000675	0.000675	0.002180	0.000672	0.000700	0.000789	0.000705	0.000660	0.000701	0.000760	0.000753	0.000684	0.000748	0.000707	0.000753	0.000768	0.000762	0.000667	0.000730	0.000779	0.000706	0.000757	0.000780	0.000713	-0.002167	0.000771	0.000752	0.000771	0.000708	0.000726	0.000784	0.000687	0.000656	0.000826	0.000718	0.000735	-0.002213	-0.001228	0.000462	0.000458	0.000337	0.000345	-0.001017	0.000282	0.000361	0.000448	0.000433	0.000365	0.000486	0.000458	-0.001083	-0.001429	0.000456	0.000419	0.000475	0.000404	0.000310	0.000407	0.000406	0.000441	0.000410	0.000405	0.000479	0.000388	-0.001435	0.000476	0.000330	0.000483	-0.001386	0.000209	-0.000788	0.000362	-0.001223	
-0.003014	-0.003004	-0.001561	-0.003048	-0.002310	-0.003055	-0.001981	-0.001288	-0.003082	0.000535	-0.001559	0.000635	0.000792	0.000552	0.000583	0.000672	0.003438	0.000557	0.000630	0.000667	0.001018	0.000690	0.000571	0.000611	0.000718	0.000624	0.000647	0.000638	0.001110	0.000589	0.000789	0.000585	0.000614	0.001045	0.000587	0.000587	0.000556	-0.001973	0.000659	0.000650	0.000663	0.000596	0.000584	0.000882	0.000885	0.000569	0.000614	0.000705	0.000622	-0.002126	-0.001088	0.000427	0.000395	0.000292	0.000345	-0.000897	0.000282	0.000353	0.000465	0.000356	0.000331	0.000413	0.000371	-0.000983	-0.001344	0.000403	0.000351	0.000418	0.000366	0.000261	0.000353	0.000351	0.000367	0.000392	0.000359	0.000410	0.000332	-0.001348	0.000484	0.000291	0.000434	-0.001295	0.000203	-0.000758	0.000317	-0.001157	
-0.003279	-0.003250	-0.001662	-0.003302	-0.002518	-0.003312	-0.002108	-0.001309	-0.003345	0.000704	-0.001984	0.000788	0.000658	0.000691	0.000666	0.000700	0.000557	0.003356	0.000780	0.000711	0.000681	0.000635	0.000780	0.000696	0.000692	0.000723	0.000655	0.000760	0.000600	0.000865	0.000641	0.000844	0.000727	0.000598	0.000816	0.000778	0.000701	-0.002300	0.000688	0.000807	0.000746	0.000805	0.000694	0.000663	0.000663	0.000649	0.000801	0.000651	0.000786	-0.002343	-0.001328	0.000455	0.000457	0.000340	0.000352	-0.001107	0.000266	0.000367	0.000420	0.000412	0.000788	0.000458	0.000477	-0.001096	-0.001508	0.000442	0.000732	0.000453	0.000399	0.000281	0.000390	0.000408	0.000437	0.000406	0.000391	0.000448	0.000376	-0.001522	0.000456	0.000574	0.000491	-0.001463	0.000193	-0.000650	0.000552	-0.000919	
-0.003405	-0.003362	-0.001702	-0.003413	-0.002605	-0.003438	-0.002197	-0.001278	-0.003471	0.000724	-0.001845	0.000801	0.000727	0.000730	0.000786	0.000789	0.000630	0.000780	0.002149	0.000696	0.000642	0.000763	0.000824	0.000796	0.000733	0.000800	0.000687	0.000829	0.000697	0.000782	0.000702	0.000800	0.000829	0.000625	0.000825	0.000783	0.000799	-0.002193	0.000798	0.000817	0.000862	0.000807	0.000797	0.000725	0.000716	0.000679	0.000860	0.000772	0.000839	-0.002297	-0.001292	0.000456	0.000477	0.000388	0.000339	-0.001113	0.000278	0.000375	0.000447	0.000462	0.000396	0.000539	0.000464	-0.001128	-0.001472	0.000517	0.000444	0.000505	0.000462	0.000306	0.000426	0.000416	0.000444	0.000435	0.000464	0.000481	0.000407	-0.001503	0.000475	0.000339	0.000582	-0.001428	0.000199	-0.000808	0.000372	-0.001272	
-0.003148	-0.003104	-0.001594	-0.003148	-0.002429	-0.003161	-0.002010	-0.001323	-0.003204	0.000589	-0.001798	0.000675	0.000781	0.000635	0.000680	0.000705	0.000667	0.000711	0.000696	0.002420	0.000756	0.000766	0.000684	0.000646	0.000752	0.000690	0.000663	0.000691	0.000739	0.000740	0.000788	0.000726	0.000684	0.000683	0.000754	0.000666	0.000620	-0.002059	0.000705	0.000761	0.000684	0.000667	0.000645	0.000591	0.000809	0.000683	0.000708	0.000785	0.000723	-0.002158	-0.001169	0.000496	0.000518	0.000333	0.000340	-0.001017	0.000268	0.000367	0.000428	0.000429	0.000401	0.000522	0.000400	-0.001024	-0.001378	0.000445	0.000434	0.000480	0.000414	0.000317	0.000422	0.000408	0.000422	0.000375	0.000410	0.000486	0.000384	-0.001351	0.000385	0.000322	0.000429	-0.001334	0.000220	-0.000766	0.000354	-0.001191	
-0.003079	-0.003042	-0.001547	-0.003088	-0.002331	-0.003119	-0.002014	-0.001287	-0.003123	0.000599	-0.001625	0.000645	0.000715	0.000575	0.000640	0.000660	0.001018	0.000681	0.000642	0.000756	0.003368	0.000693	0.000676	0.000657	0.000692	0.000627	0.000654	0.000613	0.001031	0.000743	0.000670	0.000709	0.000691	0.001037	0.000757	0.000659	0.000604	-0.002028	0.000637	0.000719	0.000600	0.000599	0.000551	0.000693	0.000760	0.000582	0.000710	0.000766	0.000654	-0.002064	-0.001135	0.000422	0.000393	0.000291	0.000288	-0.001004	0.000283	0.000364	0.000472	0.000367	0.000341	0.000432	0.000445	-0.001006	-0.001376	0.000394	0.000376	0.000429	0.000361	0.000278	0.000349	0.000357	0.000386	0.000309	0.000386	0.000407	0.000332	-0.001395	0.000470	0.000299	0.000402	-0.001336	0.000183	-0.000767	0.000333	-0.001186	
-0.003291	-0.003249	-0.001630	-0.003302	-0.002490	-0.003317	-0.002113	-0.001246	-0.003331	0.000619	-0.001805	0.000673	0.000833	0.000642	0.000739	0.000701	0.000690	0.000635	0.000763	0.000766	0.000693	0.002411	0.000710	0.000719	0.000850	0.000748	0.000702	0.000702	0.000768	0.000709	0.000791	0.000720	0.000684	0.000739	0.000742	0.000731	0.000705	-0.002149	0.000712	0.000697	0.000731	0.000689	0.000695	0.000697	0.000849	0.000694	0.000699	0.000804	0.000689	-0.002218	-0.001195	0.000464	0.000460	0.000373	0.000341	-0.001013	0.000294	0.000380	0.000459	0.000477	0.000419	0.000542	0.000428	-0.001045	-0.001457	0.000518	0.000477	0.000492	0.000470	0.000337	0.000419	0.000428	0.000434	0.000343	0.000451	0.000489	0.000417	-0.001442	0.000411	0.000357	0.000492	-0.001398	0.000220	-0.000790	0.000394	-0.001238	
-0.003280	-0.003237	-0.001653	-0.003293	-0.002518	-0.003303	-0.002104	-0.001269	-0.003333	0.000719	-0.001886	0.000770	0.000733	0.000689	0.000705	0.000760	0.000571	0.000780	0.000824	0.000684	0.000676	0.000710	0.002339	0.000811	0.000740	0.000781	0.000680	0.000808	0.000616	0.000820	0.000671	0.000777	0.000776	0.000681	0.000799	0.000784	0.000734	-0.002227	0.000779	0.000803	0.000754	0.000814	0.000742	0.000719	0.000687	0.000682	0.000795	0.000718	0.000749	-0.002255	-0.001270	0.000462	0.000462	0.000357	0.000338	-0.001063	0.000282	0.000376	0.000452	0.000459	0.000428	0.000521	0.000507	-0.001083	-0.001469	0.000452	0.000433	0.000485	0.000430	0.000314	0.000405	0.000425	0.000446	0.000403	0.000413	0.000493	0.000410	-0.001464	0.000453	0.000323	0.000514	-0.001396	0.000205	-0.000806	0.000374	-0.001226	
-0.003177	-0.003135	-0.001613	-0.003188	-0.002431	-0.003207	-0.002062	-0.001237	-0.003242	0.000714	-0.001793	0.000742	0.000706	0.000694	0.000762	0.000753	0.000611	0.000696	0.000796	0.000646	0.000657	0.000719	0.000811	0.002243	0.000654	0.000826	0.000672	0.000759	0.000602	0.000749	0.000650	0.000756	0.000851	0.000687	0.000774	0.000764	0.000731	-0.002101	0.000789	0.000748	0.000722	0.000754	0.000678	0.000703	0.000689	0.000635	0.000823	0.000718	0.000718	-0.002142	-0.001213	0.000425	0.000433	0.000327	0.000285	-0.001014	0.000268	0.000354	0.000423	0.000422	0.000364	0.000484	0.000458	-0.001037	-0.001409	0.000413	0.000394	0.000464	0.000417	0.000290	0.000372	0.000395	0.000418	0.000363	0.000408	0.000461	0.000377	-0.001390	0.000443	0.000306	0.000482	-0.001330	0.000189	-0.000745	0.000352	-0.001206	
-0.003301	-0.003265	-0.001665	-0.003328	-0.002526	-0.003346	-0.002113	-0.001310	-0.003373	0.000640	-0.001871	0.000682	0.000857	0.000648	0.000675	0.000684	0.000718	0.000692	0.000733	0.000752	0.000692	0.000850	0.000740	0.000654	0.002316	0.000704	0.000739	0.000736	0.000802	0.000712	0.000825	0.000676	0.000683	0.000796	0.000718	0.000703	0.000644	-0.002133	0.000691	0.000726	0.000706	0.000725	0.000724	0.000667	0.000841	0.000703	0.000695	0.000789	0.000698	-0.002215	-0.001138	0.000514	0.000504	0.000386	0.000350	-0.001059	0.000298	0.000400	0.000464	0.000464	0.000430	0.000530	0.000459	-0.001016	-0.001400	0.000525	0.000440	0.000499	0.000454	0.000332	0.000417	0.000444	0.000483	0.000376	0.000437	0.000488	0.000420	-0.001416	0.000394	0.000359	0.000478	-0.001375	0.000220	-0.000769	0.000392	-0.001216	
-0.003311	-0.003274	-0.001647	-0.003319	-0.002508	-0.003336	-0.002090	-0.001262	-0.003361	0.000705	-0.001872	0.000747	0.000750	0.000706	0.000781	0.000748	0.000624	0.000723	0.000800	0.000690	0.000627	0.000748	0.000781	0.000826	0.000704	0.002100	0.000685	0.000757	0.000649	0.000782	0.000703	0.000782	0.000787	0.000643	0.000787	0.000775	0.000717	-0.002182	0.000767	0.000791	0.000769	0.000804	0.000732	0.000736	0.000739	0.000689	0.000796	0.000759	0.000726	-0.002249	-0.001240	0.000493	0.000480	0.000359	0.000334	-0.001043	0.000291	0.000378	0.000467	0.000473	0.000411	0.000523	0.000442	-0.001054	-0.001449	0.000447	0.000428	0.000481	0.000426	0.000316	0.000409	0.000427	0.000419	0.000411	0.000440	0.000481	0.000419	-0.001448	0.000451	0.000337	0.000512	-0.001390	0.000210	-0.000774	0.000394	-0.001236	
-0.003292	-0.003252	-0.001647	-0.003303	-0.002520	-0.003311	-0.002102	-0.001361	-0.003345	0.000608	-0.001860	0.000707	0.000755	0.000633	0.000644	0.000707	0.000647	0.000655	0.000687	0.000663	0.000654	0.000702	0.000680	0.000672	0.000739	0.000685	0.002664	0.000697	0.000649	0.000692	0.000698	0.000668	0.000670	0.000663	0.000710	0.000702	0.000614	-0.002146	0.000721	0.000715	0.000713	0.000665	0.000671	0.000660	0.000685	0.000689	0.000725	0.000739	0.000710	-0.002186	-0.001202	0.000741	0.000711	0.000364	0.000373	-0.001024	0.000278	0.000605	0.000686	0.000675	0.000384	0.000531	0.000452	-0.001063	-0.001394	0.000724	0.000437	0.000521	0.000455	0.000333	0.000433	0.000404	0.000482	0.000365	0.000472	0.000512	0.000446	-0.001418	0.000420	0.000325	0.000449	-0.001378	0.000223	-0.000780	0.000392	-0.001235	
-0.003245	-0.003225	-0.001670	-0.003260	-0.002493	-0.003264	-0.002083	-0.001254	-0.003310	0.000674	-0.001892	0.000779	0.000738	0.000743	0.000767	0.000753	0.000638	0.000760	0.000829	0.000691	0.000613	0.000702	0.000808	0.000759	0.000736	0.000757	0.000697	0.002180	0.000674	0.000764	0.000732	0.000741	0.000742	0.000650	0.000772	0.000762	0.000738	-0.002110	0.000815	0.000808	0.000833	0.000767	0.000813	0.000699	0.000696	0.000648	0.000826	0.000739	0.000780	-0.002278	-0.001203	0.000452	0.000474	0.000324	0.000341	-0.001054	0.000272	0.000355	0.000414	0.000406	0.000374	0.000468	0.000460	-0.001089	-0.001411	0.000418	0.000402	0.000462	0.000408	0.000276	0.000416	0.000402	0.000413	0.000473	0.000399	0.000484	0.000379	-0.001430	0.000437	0.000310	0.000535	-0.001372	0.000206	-0.000790	0.000353	-0.001217	
-0.003210	-0.003168	-0.001580	-0.003227	-0.002412	-0.003256	-0.002106	-0.001232	-0.003234	0.000550	-0.001568	0.000660	0.000785	0.000611	0.000611	0.000768	0.001110	0.000600	0.000697	0.000739	0.001031	0.000768	0.000616	0.000602	0.000802	0.000649	0.000649	0.000674	0.003327	0.000615	0.000777	0.000610	0.000616	0.001097	0.000656	0.000613	0.000584	-0.002015	0.000657	0.000667	0.000658	0.000602	0.000639	0.000719	0.000797	0.000609	0.000709	0.000762	0.000679	-0.002142	-0.001042	0.000437	0.000425	0.000310	0.000335	-0.001057	0.000282	0.000362	0.000491	0.000390	0.000360	0.000453	0.000394	-0.001035	-0.001362	0.000471	0.000405	0.000449	0.000387	0.000300	0.000384	0.000371	0.000399	0.000376	0.000381	0.000429	0.000352	-0.001387	0.000474	0.000310	0.000450	-0.001352	0.000202	-0.000788	0.000339	-0.001196	
-0.003297	-0.003270	-0.001675	-0.003310	-0.002529	-0.003333	-0.002110	-0.001295	-0.003345	0.000695	-0.001911	0.000825	0.000690	0.000694	0.000699	0.000762	0.000589	0.000865	0.000782	0.000740	0.000743	0.000709	0.000820	0.000749	0.000712	0.000782	0.000692	0.000764	0.000615	0.002242	0.000662	0.000883	0.000808	0.000688	0.000872	0.000806	0.000749	-0.002182	0.000729	0.000893	0.000792	0.000776	0.000764	0.000716	0.000714	0.000644	0.000817	0.000701	0.000827	-0.002213	-0.001277	0.000460	0.000461	0.000343	0.000348	-0.001061	0.000267	0.000379	0.000440	0.000427	0.000375	0.000484	0.000504	-0.001084	-0.001430	0.000438	0.000427	0.000452	0.000413	0.000294	0.000388	0.000411	0.000442	0.000419	0.000409	0.000465	0.000396	-0.001480	0.000494	0.000326	0.000535	-0.001420	0.000189	-0.000781	0.000367	-0.001241	
-0.003218	-0.003199	-0.001638	-0.003222	-0.002456	-0.003223	-0.002049	-0.001345	-0.003293	0.000623	-0.001820	0.000698	0.000870	0.000679	0.000695	0.000667	0.000789	0.000641	0.000702	0.000788	0.000670	0.000791	0.000671	0.000650	0.000825	0.000703	0.000698	0.000732	0.000777	0.000662	0.002421	0.000709	0.000651	0.000777	0.000668	0.000693	0.000651	-0.002113	0.000720	0.000722	0.000722	0.000683	0.000688	0.000623	0.000844	0.000689	0.000722	0.000797	0.000695	-0.002217	-0.001134	0.000486	0.000507	0.000351	0.000371	-0.001002	0.000283	0.000379	0.000434	0.000432	0.000407	0.000509	0.000426	-0.001037	-0.001396	0.000415	0.000434	0.000502	0.000426	0.000312	0.000428	0.000424	0.000421	0.000384	0.000426	0.000505	0.000389	-0.001368	0.000419	0.000322	0.000441	-0.001335	0.000219	-0.000756	0.000365	-0.001188	
-0.003271	-0.003235	-0.001672	-0.003268	-0.002492	-0.003301	-0.002091	-0.001275	-0.003330	0.000736	-0.001886	0.000794	0.000662	0.000755	0.000732	0.000730	0.000585	0.000844	0.000800	0.000726	0.000709	0.000720	0.000777	0.000756	0.000676	0.000782	0.000668	0.000741	0.000610	0.000883	0.000709	0.002129	0.000750	0.000632	0.000845	0.000808	0.000752	-0.002227	0.000717	0.000835	0.000760	0.000783	0.000742	0.000702	0.000694	0.000667	0.000807	0.000706	0.000797	-0.002255	-0.001264	0.000466	0.000459	0.000354	0.000323	-0.001063	0.000296	0.000384	0.000459	0.000459	0.000381	0.000503	0.000483	-0.001071	-0.001476	0.000429	0.000456	0.000486	0.000435	0.000325	0.000404	0.000422	0.000417	0.000406	0.000444	0.000491	0.000404	-0.001466	0.000494	0.000337	0.000503	-0.001399	0.000208	-0.000794	0.000393	-0.001238	
-0.003226	-0.003191	-0.001653	-0.003245	-0.002477	-0.003257	-0.002084	-0.001246	-0.003289	0.000707	-0.001846	0.000785	0.000765	0.000655	0.000760	0.000779	0.000614	0.000727	0.000829	0.000684	0.000691	0.000684	0.000776	0.000851	0.000683	0.000787	0.000670	0.000742	0.000616	0.000808	0.000651	0.000750	0.002276	0.000676	0.000794	0.000783	0.000736	-0.002090	0.000838	0.000803	0.000763	0.000762	0.000732	0.000731	0.000753	0.000614	0.000879	0.000787	0.000746	-0.002145	-0.001236	0.000436	0.000433	0.000316	0.000341	-0.001052	0.000258	0.000350	0.000427	0.000403	0.000336	0.000460	0.000477	-0.001068	-0.001418	0.000440	0.000389	0.000448	0.000391	0.000269	0.000367	0.000388	0.000431	0.000403	0.000409	0.000436	0.000375	-0.001457	0.000478	0.000310	0.000555	-0.001405	0.000185	-0.000773	0.000339	-0.001242	
-0.003136	-0.003101	-0.001601	-0.003148	-0.002379	-0.003170	-0.002046	-0.001320	-0.003192	0.000563	-0.001664	0.000668	0.000812	0.000590	0.000621	0.000706	0.001045	0.000598	0.000625	0.000683	0.001037	0.000739	0.000681	0.000687	0.000796	0.000643	0.000663	0.000650	0.001097	0.000688	0.000777	0.000632	0.000676	0.002877	0.000650	0.000666	0.000601	-0.002039	0.000666	0.000672	0.000669	0.000605	0.000632	0.000791	0.000818	0.000587	0.000712	0.000779	0.000619	-0.002107	-0.001144	0.000433	0.000425	0.000299	0.000330	-0.001045	0.000288	0.000380	0.000473	0.000377	0.000339	0.000447	0.000477	-0.001012	-0.001399	0.000428	0.000398	0.000419	0.000384	0.000267	0.000367	0.000384	0.000431	0.000364	0.000385	0.000429	0.000364	-0.001394	0.000479	0.000313	0.000455	-0.001381	0.000187	-0.000777	0.000339	-0.001189	
-0.003362	-0.003323	-0.001689	-0.003357	-0.002561	-0.003398	-0.002170	-0.001290	-0.003413	0.000718	-0.001915	0.000773	0.000731	0.000704	0.000773	0.000757	0.000587	0.000816	0.000825	0.000754	0.000757	0.000742	0.000799	0.000774	0.000718	0.000787	0.000710	0.000772	0.000656	0.000872	0.000668	0.000845	0.000794	0.000650	0.002180	0.000797	0.000735	-0.002180	0.000740	0.000875	0.000786	0.000755	0.000759	0.000746	0.000735	0.000667	0.000804	0.000765	0.000853	-0.002269	-0.001269	0.000470	0.000464	0.000363	0.000378	-0.001082	0.000293	0.000377	0.000457	0.000455	0.000367	0.000519	0.000468	-0.001086	-0.001462	0.000476	0.000427	0.000476	0.000439	0.000313	0.000411	0.000426	0.000458	0.000411	0.000448	0.000485	0.000410	-0.001491	0.000478	0.000338	0.000539	-0.001442	0.000206	-0.000800	0.000384	-0.001269	
-0.003278	-0.003248	-0.001661	-0.003295	-0.002505	-0.003302	-0.002097	-0.001271	-0.003344	0.000705	-0.001897	0.000801	0.000730	0.000709	0.000715	0.000780	0.000587	0.000778	0.000783	0.000666	0.000659	0.000731	0.000784	0.000764	0.000703	0.000775	0.000702	0.000762	0.000613	0.000806	0.000693	0.000808	0.000783	0.000666	0.000797	0.002048	0.000776	-0.002202	0.000762	0.000786	0.000781	0.000761	0.000751	0.000724	0.000699	0.000651	0.000887	0.000721	0.000759	-0.002202	-0.001267	0.000465	0.000462	0.000342	0.000329	-0.001052	0.000290	0.000392	0.000455	0.000444	0.000377	0.000491	0.000530	-0.001056	-0.001467	0.000440	0.000441	0.000467	0.000428	0.000307	0.000401	0.000428	0.000448	0.000414	0.000424	0.000475	0.000413	-0.001453	0.000488	0.000341	0.000537	-0.001402	0.000194	-0.000768	0.000384	-0.001224	
-0.003098	-0.003067	-0.001555	-0.003106	-0.002363	-0.003132	-0.001970	-0.001190	-0.003143	0.000655	-0.001768	0.000745	0.000637	0.000666	0.000660	0.000713	0.000556	0.000701	0.000799	0.000620	0.000604	0.000705	0.000734	0.000731	0.000644	0.000717	0.000614	0.000738	0.000584	0.000749	0.000651	0.000752	0.000736	0.000601	0.000735	0.000776	0.002135	-0.002011	0.000683	0.000712	0.000779	0.000724	0.000689	0.000639	0.000631	0.000622	0.000774	0.000667	0.000735	-0.002112	-0.001168	0.000445	0.000451	0.000350	0.000297	-0.000974	0.000274	0.000361	0.000425	0.000427	0.000356	0.000493	0.000482	-0.000986	-0.001374	0.000407	0.000426	0.000447	0.000415	0.000286	0.000373	0.000397	0.000392	0.000407	0.000402	0.000444	0.000380	-0.001327	0.000424	0.000332	0.000503	-0.001284	0.000188	-0.000718	0.000369	-0.001150	
0.002115	0.002102	0.001114	0.002045	0.001600	0.002051	0.001441	-0.000278	0.002179	-0.002048	0.011933	-0.002157	-0.002136	-0.001951	-0.002038	-0.002167	-0.001973	-0.002300	-0.002193	-0.002059	-0.002028	-0.002149	-0.002227	-0.002101	-0.002133	-0.002182	-0.002146	-0.002110	-0.002015	-0.002182	-0.002113	-0.002227	-0.002090	-0.002039	-0.002180	-0.002202	-0.002011	0.034767	-0.002021	-0.002115	-0.002088	-0.002147	-0.001972	-0.002055	-0.002125	-0.002178	-0.002180	-0.002067	-0.002131	0.014886	0.006040	-0.001587	-0.001546	-0.001201	-0.001064	0.006705	-0.000954	-0.001281	-0.001560	-0.001510	-0.001475	-0.001646	-0.001402	0.006712	0.009519	-0.001511	-0.001565	-0.001592	-0.001473	-0.001038	-0.001367	-0.001392	-0.001438	-0.001185	-0.001452	-0.001585	-0.001402	0.009331	-0.001352	-0.001171	-0.001433	0.008992	-0.000721	0.004917	-0.001392	0.007744	
-0.003243	-0.003199	-0.001644	-0.003258	-0.002480	-0.003272	-0.002088	-0.001266	-0.003306	0.000643	-0.001819	0.000752	0.000780	0.000725	0.000749	0.000771	0.000659	0.000688	0.000798	0.000705	0.000637	0.000712	0.000779	0.000789	0.000691	0.000767	0.000721	0.000815	0.000657	0.000729	0.000720	0.000717	0.000838	0.000666	0.000740	0.000762	0.000683	-0.002021	0.002499	0.000795	0.000788	0.000751	0.000763	0.000689	0.000748	0.000626	0.000841	0.000770	0.000764	-0.002181	-0.001154	0.000420	0.000440	0.000328	0.000319	-0.001004	0.000245	0.000332	0.000395	0.000393	0.000350	0.000467	0.000501	-0.001093	-0.001387	0.000428	0.000417	0.000441	0.000404	0.000286	0.000396	0.000370	0.000395	0.000423	0.000388	0.000464	0.000358	-0.001399	0.000443	0.000291	0.000522	-0.001377	0.000185	-0.000797	0.000324	-0.001215	
-0.003361	-0.003334	-0.001703	-0.003369	-0.002576	-0.003398	-0.002162	-0.001325	-0.003417	0.000712	-0.001878	0.000773	0.000729	0.000708	0.000739	0.000752	0.000650	0.000807	0.000817	0.000761	0.000719	0.000697	0.000803	0.000748	0.000726	0.000791	0.000715	0.000808	0.000667	0.000893	0.000722	0.000835	0.000803	0.000672	0.000875	0.000786	0.000712	-0.002115	0.000795	0.002312	0.000822	0.000746	0.000817	0.000739	0.000710	0.000640	0.000842	0.000776	0.000837	-0.002225	-0.001239	0.000459	0.000474	0.000332	0.000408	-0.001066	0.000254	0.000373	0.000422	0.000405	0.000383	0.000473	0.000499	-0.001101	-0.001434	0.000441	0.000389	0.000464	0.000390	0.000280	0.000396	0.000393	0.000431	0.000497	0.000413	0.000455	0.000374	-0.001453	0.000461	0.000312	0.000554	-0.001390	0.000198	-0.000786	0.000343	-0.001243	
-0.003307	-0.003282	-0.001684	-0.003328	-0.002545	-0.003341	-0.002110	-0.001290	-0.003364	0.000682	-0.001865	0.000827	0.000735	0.000725	0.000760	0.000771	0.000663	0.000746	0.000862	0.000684	0.000600	0.000731	0.000754	0.000722	0.000706	0.000769	0.000713	0.000833	0.000658	0.000792	0.000722	0.000760	0.000763	0.000669	0.000786	0.000781	0.000779	-0.002088	0.000788	0.000822	0.002159	0.000776	0.000795	0.000725	0.000693	0.000650	0.000851	0.000742	0.000818	-0.002255	-0.001263	0.000458	0.000472	0.000341	0.000369	-0.001078	0.000262	0.000372	0.000427	0.000417	0.000353	0.000500	0.000469	-0.001093	-0.001420	0.000497	0.000434	0.000462	0.000425	0.000276	0.000417	0.000407	0.000438	0.000464	0.000417	0.000470	0.000389	-0.001453	0.000473	0.000323	0.000572	-0.001395	0.000202	-0.000797	0.000358	-0.001236	
-0.003277	-0.003237	-0.001646	-0.003289	-0.002485	-0.003305	-0.002088	-0.001299	-0.003342	0.000716	-0.001808	0.000774	0.000711	0.000685	0.000709	0.000708	0.000596	0.000805	0.000807	0.000667	0.000599	0.000689	0.000814	0.000754	0.000725	0.000804	0.000665	0.000767	0.000602	0.000776	0.000683	0.000783	0.000762	0.000605	0.000755	0.000761	0.000724	-0.002147	0.000751	0.000746	0.000776	0.002271	0.000702	0.000703	0.000665	0.000683	0.000790	0.000677	0.000735	-0.002198	-0.001240	0.000493	0.000474	0.000361	0.000345	-0.001024	0.000281	0.000368	0.000444	0.000433	0.000405	0.000524	0.000473	-0.001014	-0.001371	0.000487	0.000481	0.000476	0.000436	0.000313	0.000416	0.000420	0.000427	0.000411	0.000428	0.000475	0.000402	-0.001400	0.000445	0.000313	0.000520	-0.001347	0.000213	-0.000758	0.000374	-0.001170	
-0.003185	-0.003141	-0.001632	-0.003207	-0.002457	-0.003207	-0.002038	-0.001222	-0.003256	0.000637	-0.001711	0.000742	0.000686	0.000731	0.000751	0.000726	0.000584	0.000694	0.000797	0.000645	0.000551	0.000695	0.000742	0.000678	0.000724	0.000732	0.000671	0.000813	0.000639	0.000764	0.000688	0.000742	0.000732	0.000632	0.000759	0.000751	0.000689	-0.001972	0.000763	0.000817	0.000795	0.000702	0.002228	0.000712	0.000666	0.000597	0.000765	0.000720	0.000761	-0.002093	-0.001172	0.000421	0.000476	0.000314	0.000394	-0.001004	0.000256	0.000344	0.000422	0.000403	0.000340	0.000450	0.000462	-0.001021	-0.001377	0.000457	0.000378	0.000439	0.000389	0.000278	0.000381	0.000401	0.000418	0.000486	0.000385	0.000460	0.000381	-0.001363	0.000445	0.000301	0.000512	-0.001325	0.000178	-0.000768	0.000346	-0.001175	
-0.003110	-0.003089	-0.001596	-0.003121	-0.002361	-0.003154	-0.002019	-0.001170	-0.003173	0.000640	-0.001657	0.000684	0.000701	0.000633	0.000729	0.000784	0.000882	0.000663	0.000725	0.000591	0.000693	0.000697	0.000719	0.000703	0.000667	0.000736	0.000660	0.000699	0.000719	0.000716	0.000623	0.000702	0.000731	0.000791	0.000746	0.000724	0.000639	-0.002055	0.000689	0.000739	0.000725	0.000703	0.000712	0.003005	0.000844	0.000582	0.000719	0.000685	0.000665	-0.002134	-0.001154	0.000418	0.000396	0.000292	0.000327	-0.000877	0.000256	0.000334	0.000382	0.000367	0.000323	0.000441	0.000451	-0.001008	-0.001371	0.000456	0.000344	0.000390	0.000358	0.000236	0.000341	0.000368	0.000410	0.000369	0.000352	0.000406	0.000349	-0.001410	0.000553	0.000296	0.000488	-0.001328	0.000175	-0.000768	0.000319	-0.001200	
-0.003313	-0.003292	-0.001657	-0.003330	-0.002538	-0.003358	-0.002125	-0.001372	-0.003391	0.000618	-0.001873	0.000696	0.000894	0.000630	0.000739	0.000687	0.000885	0.000663	0.000716	0.000809	0.000760	0.000849	0.000687	0.000689	0.000841	0.000739	0.000685	0.000696	0.000797	0.000714	0.000844	0.000694	0.000753	0.000818	0.000735	0.000699	0.000631	-0.002125	0.000748	0.000710	0.000693	0.000665	0.000666	0.000844	0.002796	0.000672	0.000802	0.000848	0.000662	-0.002178	-0.001138	0.000469	0.000468	0.000328	0.000324	-0.000927	0.000263	0.000370	0.000431	0.000468	0.000364	0.000493	0.000422	-0.001041	-0.001396	0.000445	0.000509	0.000470	0.000413	0.000306	0.000402	0.000397	0.000426	0.000364	0.000467	0.000451	0.000390	-0.001429	0.000474	0.000321	0.000481	-0.001393	0.000194	-0.000800	0.000369	-0.001280	
-0.003279	-0.003256	-0.001635	-0.003303	-0.002493	-0.003311	-0.002077	-0.001371	-0.003358	0.000631	-0.001817	0.000652	0.000680	0.000575	0.000593	0.000656	0.000569	0.000649	0.000679	0.000683	0.000582	0.000694	0.000682	0.000635	0.000703	0.000689	0.000689	0.000648	0.000609	0.000644	0.000689	0.000667	0.000614	0.000587	0.000667	0.000651	0.000622	-0.002178	0.000626	0.000640	0.000650	0.000683	0.000597	0.000582	0.000672	0.002829	0.000653	0.000668	0.000642	-0.002252	-0.001285	0.000585	0.000540	0.000515	0.000452	-0.001016	0.000330	0.000419	0.000501	0.000540	0.000606	0.000732	0.000397	-0.001006	-0.001373	0.000525	0.000683	0.000574	0.000721	0.000472	0.000675	0.000449	0.000688	0.000318	0.000511	0.000578	0.000438	-0.001326	0.000346	0.000353	0.000421	-0.001277	0.000329	-0.000790	0.000595	-0.001157	
-0.003410	-0.003367	-0.001721	-0.003431	-0.002590	-0.003449	-0.002188	-0.001331	-0.003480	0.000725	-0.001909	0.000837	0.000761	0.000731	0.000771	0.000826	0.000614	0.000801	0.000860	0.000708	0.000710	0.000699	0.000795	0.000823	0.000695	0.000796	0.000725	0.000826	0.000709	0.000817	0.000722	0.000807	0.000879	0.000712	0.000804	0.000887	0.000774	-0.002180	0.000841	0.000842	0.000851	0.000790	0.000765	0.000719	0.000802	0.000653	0.002268	0.000819	0.000783	-0.002225	-0.001272	0.000453	0.000451	0.000311	0.000342	-0.001074	0.000257	0.000374	0.000425	0.000418	0.000363	0.000465	0.000504	-0.001109	-0.001447	0.000435	0.000425	0.000487	0.000406	0.000287	0.000410	0.000394	0.000436	0.000440	0.000435	0.000464	0.000384	-0.001452	0.000503	0.000319	0.000531	-0.001392	0.000195	-0.000792	0.000347	-0.001250	
-0.003333	-0.003285	-0.001673	-0.003331	-0.002543	-0.003361	-0.002145	-0.001369	-0.003379	0.000636	-0.001856	0.000691	0.000821	0.000687	0.000736	0.000718	0.000705	0.000651	0.000772	0.000785	0.000766	0.000804	0.000718	0.000718	0.000789	0.000759	0.000739	0.000739	0.000762	0.000701	0.000797	0.000706	0.000787	0.000779	0.000765	0.000721	0.000667	-0.002067	0.000770	0.000776	0.000742	0.000677	0.000720	0.000685	0.000848	0.000668	0.000819	0.002421	0.000702	-0.002156	-0.001174	0.000459	0.000476	0.000325	0.000373	-0.001072	0.000275	0.000385	0.000443	0.000451	0.000397	0.000506	0.000440	-0.001051	-0.001405	0.000472	0.000416	0.000483	0.000429	0.000317	0.000421	0.000412	0.000451	0.000425	0.000456	0.000468	0.000402	-0.001429	0.000425	0.000343	0.000506	-0.001385	0.000203	-0.000784	0.000358	-0.001253	
-0.003233	-0.003207	-0.001646	-0.003250	-0.002495	-0.003257	-0.002067	-0.001253	-0.003292	0.000685	-0.001884	0.000803	0.000702	0.000678	0.000691	0.000735	0.000622	0.000786	0.000839	0.000723	0.000654	0.000689	0.000749	0.000718	0.000698	0.000726	0.000710	0.000780	0.000679	0.000827	0.000695	0.000797	0.000746	0.000619	0.000853	0.000759	0.000735	-0.002131	0.000764	0.000837	0.000818	0.000735	0.000761	0.000665	0.000662	0.000642	0.000783	0.000702	0.002270	-0.002254	-0.001252	0.000459	0.000472	0.000372	0.000378	-0.001078	0.000268	0.000379	0.000442	0.000423	0.000359	0.000503	0.000460	-0.001087	-0.001435	0.000473	0.000427	0.000480	0.000445	0.000301	0.000424	0.000412	0.000426	0.000428	0.000435	0.000482	0.000397	-0.001474	0.000462	0.000317	0.000548	-0.001414	0.000203	-0.000794	0.000363	-0.001237	
